1,Jose Abreu,2,2014,2015,1,6.2,174,746,670,94,209,40,3,42,126,3,1,58,153,.312,.377,.569,.945,Mar 31 2014,27
2,Jim Adduci,2,2013,2014,0,0.2,61,148,132,15,25,4,0,1,8,5,1,13,36,.189,.259,.242,.501,Sep 1 2013,29
3,Ehire Adrianza,2,2013,2014,0,-0.0,62,126,115,13,27,7,0,1,8,1,1,6,27,.235,.276,.322,.598,Sep 8 2013,24
4,Arismendy Alcantara,2,2014,2015,0,0.6,81,332,304,36,59,11,2,10,30,9,5,22,104,.194,.252,.342,.594,Jul 9 2014,22
5,Abraham Almonte,3,2013,2015,0,0.8,86,307,281,29,66,14,1,5,24,5,3,18,82,.235,.281,.345,.626,Aug 30 2013,25
6,Chase Anderson,2,2014,2015,0,-0.4,28,52,43,0,2,0,0,0,1,0,0,1,19,.047,.089,.047,.135,May 11 2014,26
7,Javier Baez,1,2014,2014,0,-1.0,52,229,213,25,36,6,0,9,20,5,1,15,95,.169,.227,.324,.551,Aug 5 2014,21
8,Aaron Barrett,2,2014,2015,0,0.0,66,0,0,0,0,0,0,0,0,0,0,0,0,,,,,Mar 31 2014,26
9,Trevor Bauer,4,2012,2015,0,-0.1,40,8,7,0,0,0,0,0,0,0,0,0,4,.000,.000,.000,.000,Jun 28 2012,23
10,Tim Beckham,2,2013,2015,0,-0.3,33,92,82,10,18,1,1,3,14,2,1,6,26,.220,.261,.366,.627,Sep 19 2013,24
11,Jeff Beliveau,4,2012,2015,0,0.0,58,0,0,0,0,0,0,0,0,0,0,0,0,,,,,Jul 22 2012,27
12,Engel Beltre,1,2013,2013,0,0.0,22,42,40,7,10,1,0,0,2,1,2,0,5,.250,.268,.275,.543,Jun 26 2013,24
13,Christian Bergman,2,2014,2015,0,-0.3,18,25,23,0,1,0,0,0,0,0,0,0,7,.043,.043,.043,.087,Jun 9 2014,26
14,Dellin Betances,4,2011,2015,1,0.0,95,0,0,0,0,0,0,0,0,0,0,0,0,,,,,Sep 22 2011,26
15,Chad Bettis,2,2013,2014,0,-0.0,38,17,14,0,0,0,0,0,0,0,0,0,5,.000,.000,.000,.000,Aug 1 2013,25
16,Mookie Betts,2,2014,2015,0,3.8,83,360,318,52,87,20,2,10,38,12,4,35,50,.274,.349,.443,.793,Jun 29 2014,21
17,Vic Black,2,2013,2014,0,0.0,59,0,0,0,0,0,0,0,0,0,0,0,0,,,,,Jul 25 2013,26
18,Xander Bogaerts,3,2013,2015,0,1.2,192,762,690,81,168,33,3,14,62,5,3,53,170,.243,.302,.361,.663,Aug 20 2013,21
19,Mike Bolsinger,2,2014,2015,0,-0.1,11,22,21,1,2,0,0,0,1,0,0,0,8,.095,.095,.095,.190,Apr 14 2014,26
20,Cedrick Bowers,2,2008,2010,0,0.1,19,1,0,1,0,0,0,0,0,0,0,1,0,,1.000,,,Jul 2 2008,36
21,Jackie Bradley,3,2013,2015,0,0.2,166,535,483,63,94,24,2,4,40,10,0,42,153,.195,.268,.277,.545,Apr 1 2013,24
22,Ryan Brasier,1,2013,2013,0,0.0,7,0,0,0,0,0,0,0,0,0,0,0,0,,,,,May 2 2013,26
23,Brooks Brown,2,2014,2015,0,0.0,40,1,1,0,0,0,0,0,0,0,0,0,1,.000,.000,.000,.000,Jul 6 2014,29
24,David Buchanan,2,2014,2015,0,0.1,25,46,36,2,4,2,0,0,2,0,0,4,12,.111,.200,.167,.367,May 24 2014,25
25,Jake Buchanan,1,2014,2014,0,-0.0,17,1,1,0,0,0,0,0,0,0,0,0,0,.000,.000,.000,.000,Jun 21 2014,24
26,Eric Campbell,2,2014,2015,0,0.6,101,273,240,25,60,12,0,4,21,5,0,26,61,.250,.322,.350,.672,May 10 2014,27
27,Scott Carroll,2,2014,2015,0,0.0,30,0,0,0,0,0,0,0,0,0,0,0,0,,,,,Apr 27 2014,29
28,Nick Castellanos,3,2013,2015,0,-1.3,190,719,662,58,167,36,6,13,77,2,3,45,176,.252,.299,.384,.683,Sep 1 2013,22
29,Kevin Chapman,3,2013,2015,0,0.0,48,0,0,0,0,0,0,0,0,0,0,0,0,,,,,Aug 9 2013,26
30,Michael Choice,2,2013,2014,0,-1.9,95,299,271,22,51,7,1,9,36,1,0,22,75,.188,.254,.321,.575,Sep 2 2013,24
31,Nick Christiani,2,2013,2014,0,-0.0,13,1,1,0,0,0,0,0,0,0,0,0,0,.000,.000,.000,.000,Aug 23 2013,26
32,Maikel Cleto,4,2011,2014,0,-0.0,41,3,3,0,0,0,0,0,0,0,0,0,3,.000,.000,.000,.000,Jun 2 2011,25
33,Carlos Contreras,2,2014,2015,0,0.0,20,1,1,0,0,0,0,0,0,0,0,0,1,.000,.000,.000,.000,Jun 21 2014,23
34,Kyle Crockett,2,2014,2015,0,0.0,47,0,0,0,0,0,0,0,0,0,0,0,0,,,,,May 16 2014,22
35,C.J. Cron,2,2014,2015,0,-0.9,102,339,324,33,78,16,1,12,43,0,0,12,81,.241,.271,.407,.679,May 3 2014,24
36,Charlie Culberson,3,2012,2014,0,-1.6,148,360,331,29,73,12,2,5,37,7,3,16,92,.221,.265,.314,.579,May 13 2012,25
37,Brandon Cumpton,2,2013,2014,0,-0.0,22,32,26,1,2,0,0,0,1,0,0,2,11,.077,.143,.077,.220,Jun 15 2013,25
38,Travis d'Arnaud,3,2013,2015,0,0.3,150,578,525,57,126,26,4,16,56,1,0,45,89,.240,.303,.396,.699,Aug 17 2013,25
39,Erik Davis,1,2013,2013,0,0.0,10,0,0,0,0,0,0,0,0,0,0,0,0,,,,,Jun 2 2013,27
40,Eury De La Rosa,2,2013,2014,0,-0.0,44,4,3,0,0,0,0,0,0,0,0,0,2,.000,.000,.000,.000,Jul 14 2013,24
41,Jorge De Leon,2,2013,2014,0,0.0,19,0,0,0,0,0,0,0,0,0,0,0,0,,,,,Aug 9 2013,26
42,Jacob deGrom,2,2014,2015,0,0.4,30,67,60,3,12,2,0,0,2,0,0,1,16,.200,.213,.233,.446,May 15 2014,26
43,Matt den Dekker,3,2013,2015,0,0.8,84,239,212,30,50,12,0,1,13,11,5,25,58,.236,.322,.307,.629,Aug 29 2013,26
44,Odrisamer Despaigne,2,2014,2015,0,-0.3,23,39,35,0,1,0,0,0,0,0,0,1,12,.029,.056,.029,.084,Jun 23 2014,27
45,Jumbo Diaz,2,2014,2015,0,0.0,49,0,0,0,0,0,0,0,0,0,0,0,0,,,,,Jun 20 2014,30
46,Sam Dyson,4,2012,2015,0,0.0,52,2,2,0,0,0,0,0,0,0,0,0,0,.000,.000,.000,.000,Jul 5 2012,26
47,Roenis Elias,2,2014,2015,0,-0.1,32,4,4,0,0,0,0,0,0,0,0,0,1,.000,.000,.000,.000,Apr 3 2014,25
48,Jeurys Familia,4,2012,2015,0,0.2,110,4,4,0,2,0,0,0,1,0,0,0,1,.500,.500,.500,1.000,Sep 4 2012,24
49,Yohan Flande,1,2014,2014,0,0.0,16,17,12,0,1,0,0,0,1,0,0,1,6,.083,.154,.083,.237,Jun 25 2014,28
50,Wilmer Flores,3,2013,2015,0,-0.2,132,474,445,50,107,22,1,11,52,1,0,22,72,.240,.280,.369,.648,Aug 6 2013,22
51,Onelki Garcia,1,2013,2013,0,0.0,3,0,0,0,0,0,0,0,0,0,0,0,0,,,,,Sep 11 2013,24
52,Kevin Gausman,3,2013,2015,0,-0.0,48,4,4,0,0,0,0,0,0,0,0,0,3,.000,.000,.000,.000,May 23 2013,23
53,Ken Giles,2,2014,2015,0,0.0,58,0,0,0,0,0,0,0,0,0,0,0,0,,,,,Jun 12 2014,23
54,Jake Goebbert,1,2014,2014,0,-0.1,51,115,101,12,22,1,3,1,10,2,1,12,32,.218,.313,.317,.630,Jun 20 2014,26
55,Ryan Goins,3,2013,2015,0,1.8,121,384,364,28,78,12,5,3,29,0,1,10,83,.214,.237,.299,.536,Aug 23 2013,26
56,Miguel Gonzalez,1,2014,2014,0,0.0,6,0,0,0,0,0,0,0,0,0,0,0,0,,,,,Sep 3 2014,27
57,Tuffy Gosewisch,3,2013,2015,0,-0.3,80,269,259,12,57,14,0,1,19,1,1,7,47,.220,.243,.286,.528,Aug 1 2013,30
58,Philip Gosselin,3,2013,2015,0,1.0,66,172,161,21,43,6,0,1,5,4,2,8,34,.267,.310,.323,.633,Aug 16 2013,25
59,Shane Greene,2,2014,2015,0,-0.0,22,3,3,0,0,0,0,0,0,0,0,0,3,.000,.000,.000,.000,Apr 24 2014,25
60,Nick Greenwood,1,2014,2014,0,-0.1,19,6,5,0,0,0,0,0,0,0,0,0,0,.000,.000,.000,.000,Jun 16 2014,26
61,Brandon Guyer,4,2011,2015,0,2.6,141,429,377,58,98,22,1,8,41,9,2,25,78,.260,.331,.387,.718,May 6 2011,28
62,Jesse Hahn,2,2014,2015,0,-0.1,21,24,22,1,2,0,0,0,1,0,0,0,12,.091,.091,.091,.182,Jun 3 2014,24
63,David Hale,2,2013,2014,0,-0.2,47,23,21,1,1,0,0,0,1,0,0,0,11,.048,.045,.048,.093,Sep 13 2013,26
64,Billy Hamilton,3,2013,2015,0,3.7,194,767,703,101,172,29,10,8,54,86,25,46,146,.245,.290,.349,.639,Sep 3 2013,23
65,Blaine Hardy,2,2014,2015,0,0.0,48,0,0,0,0,0,0,0,0,0,0,0,0,,,,,Jun 16 2014,27
66,Kyle Hendricks,2,2014,2015,0,0.0,20,42,36,2,4,0,0,0,2,0,0,3,19,.111,.179,.111,.291,Jul 10 2014,24
67,Cesar Hernandez,3,2013,2015,0,-1.1,127,317,283,37,74,8,0,1,19,2,6,29,66,.261,.330,.300,.631,May 29 2013,24
68,Yoslan Herrera,2,2008,2014,0,-0.0,25,7,7,1,1,0,0,0,0,0,0,0,1,.143,.143,.143,.286,Jul 12 2008,33
69,Mario Hollands,1,2014,2014,0,0.0,50,0,0,0,0,0,0,0,0,0,0,0,0,,,,,Apr 1 2014,25
70,Brock Holt,4,2012,2015,0,2.1,175,704,633,89,176,30,7,5,51,14,2,50,128,.278,.330,.371,.702,Sep 1 2012,26
71,T.J. House,2,2014,2015,0,-0.0,23,2,2,0,0,0,0,0,0,0,0,0,2,.000,.000,.000,.000,May 17 2014,24
72,Ender Inciarte,2,2014,2015,0,4.7,149,569,534,74,152,27,3,4,38,23,4,29,64,.285,.324,.369,.693,May 2 2014,23
73,Luis Jimenez,3,2013,2015,0,-0.4,68,168,157,19,34,8,0,0,7,0,2,3,47,.217,.253,.268,.521,Apr 12 2013,26
74,Erik Johnson,2,2013,2014,0,-0.0,10,3,3,0,0,0,0,0,0,0,0,0,0,.000,.000,.000,.000,Sep 4 2013,24
75,James Jones,1,2014,2014,0,-0.2,108,328,312,46,78,9,5,0,9,27,1,12,67,.250,.278,.311,.589,Apr 18 2014,25
76,Caleb Joseph,2,2014,2015,0,1.9,106,367,324,32,74,12,1,12,38,0,1,29,91,.228,.296,.383,.679,May 7 2014,28
77,Tommy Kahnle,1,2014,2014,0,-0.0,54,4,3,0,0,0,0,0,0,0,0,0,1,.000,.000,.000,.000,Apr 3 2014,24
78,Mike Kickham,2,2013,2014,0,0.1,14,6,6,0,1,1,0,0,0,0,0,0,1,.167,.167,.333,.500,May 28 2013,25
79,Kevin Kiermaier,3,2013,2015,0,5.1,139,463,424,49,111,23,10,13,44,5,5,28,87,.262,.311,.455,.766,Sep 30 2013,24
80,Roger Kieschnick,2,2013,2014,0,-1.0,63,136,125,8,25,1,1,1,7,0,0,11,45,.200,.265,.248,.513,Jul 31 2013,27
81,Jeff Kobernus,2,2013,2014,0,-0.3,28,44,36,10,5,0,0,1,1,3,2,6,7,.139,.295,.222,.518,May 25 2013,26
82,Tommy La Stella,2,2014,2015,0,-0.3,95,366,325,22,81,16,1,1,31,3,1,36,41,.249,.325,.314,.639,May 28 2014,25
83,Andrew Lambo,3,2013,2015,0,-0.7,59,99,94,8,18,7,0,1,3,0,1,5,27,.191,.232,.298,.530,Aug 13 2013,25
84,C.C. Lee,2,2013,2014,0,0.0,45,0,0,0,0,0,0,0,0,0,0,0,0,,,,,Jul 14 2013,27
85,Dominic Leone,2,2014,2015,0,0.0,65,0,0,0,0,0,0,0,0,0,0,0,0,,,,,Apr 6 2014,22
86,Donald Lutz,2,2013,2014,0,-0.5,62,113,109,7,23,5,0,1,9,2,0,4,33,.211,.239,.284,.523,Apr 29 2013,25
87,Michael Mariot,1,2014,2014,0,0.0,17,0,0,0,0,0,0,0,0,0,0,0,0,,,,,Apr 11 2014,25
88,Jake Marisnick,3,2013,2015,0,2.4,134,455,421,42,104,15,3,7,37,23,6,20,111,.247,.286,.347,.633,Jul 23 2013,23
89,Nick Maronde,3,2012,2014,0,0.0,33,0,0,0,0,0,0,0,0,0,0,0,0,,,,,Sep 2 2012,24
90,Brett Marshall,1,2013,2013,0,0.0,3,0,0,0,0,0,0,0,0,0,0,0,0,,,,,May 15 2013,24
91,Evan Marshall,2,2014,2015,0,0.0,70,0,0,0,0,0,0,0,0,0,0,0,0,,,,,May 6 2014,24
92,Alfredo Marte,2,2013,2014,0,-1.1,66,162,149,12,26,8,1,2,13,1,0,10,46,.174,.236,.282,.518,Apr 2 2013,25
93,Ethan Martin,2,2013,2014,0,-0.1,17,10,9,0,0,0,0,0,0,0,0,0,6,.000,.000,.000,.000,Aug 2 2013,25
94,Carlos Martinez,3,2013,2015,0,0.0,85,28,25,0,4,0,0,0,2,0,0,0,9,.160,.160,.160,.320,May 3 2013,22
95,Nick Martinez,2,2014,2015,0,-0.1,38,5,5,1,0,0,0,0,0,0,0,0,3,.000,.000,.000,.000,Apr 5 2014,23
96,Tyler Matzek,2,2014,2015,0,0.3,27,52,46,5,10,2,0,0,0,0,0,2,14,.217,.250,.261,.511,Jun 11 2014,23
97,Matt McBride,2,2012,2014,0,-0.5,52,115,109,14,23,4,0,4,17,0,0,3,29,.211,.243,.358,.601,Aug 4 2012,29
98,Pat McCoy,1,2014,2014,0,0.0,14,0,0,0,0,0,0,0,0,0,0,0,0,,,,,Jun 22 2014,25
99,Collin McHugh,4,2012,2015,0,-0.1,46,15,14,0,1,0,0,0,0,0,0,0,6,.071,.071,.071,.143,Aug 23 2012,27
100,Tommy Medica,2,2013,2014,0,1.6,121,338,309,40,76,13,2,12,37,6,1,24,98,.246,.308,.417,.725,Sep 11 2013,26
101,Roman Mendez,2,2014,2015,0,0.0,42,0,0,0,0,0,0,0,0,0,0,0,0,,,,,Jul 8 2014,23
102,Justin Miller,1,2014,2014,0,0.0,8,0,0,0,0,0,0,0,0,0,0,0,0,,,,,Apr 18 2014,27
103,Mike Morin,2,2014,2015,0,0.0,75,0,0,0,0,0,0,0,0,0,0,0,0,,,,,Apr 30 2014,23
104,John Ryan Murphy,3,2013,2015,0,0.4,59,142,131,14,32,8,0,1,12,0,0,9,40,.244,.289,.328,.617,Sep 2 2013,23
105,Efren Navarro,4,2011,2015,0,0.2,88,212,192,21,46,12,1,1,15,2,4,17,34,.240,.301,.328,.630,Sep 2 2011,28
106,Kristopher Negron,3,2012,2015,0,2.0,72,211,187,26,44,10,1,6,18,6,0,20,50,.235,.319,.396,.715,Jun 7 2012,28
107,Jimmy Nelson,3,2013,2015,0,-0.1,24,35,33,2,4,2,0,0,0,0,0,0,17,.121,.121,.182,.303,Sep 6 2013,25
108,Adrian Nieto,1,2014,2014,0,-0.1,48,118,106,8,25,5,0,2,7,0,1,8,38,.236,.296,.340,.635,Apr 2 2014,24
109,Vidal Nuno,3,2013,2015,0,-0.1,37,28,21,2,1,0,0,0,0,0,0,0,8,.048,.091,.048,.139,Apr 29 2013,26
110,Rougned Odor,2,2014,2015,0,-0.7,143,520,476,47,113,17,8,10,57,5,9,24,96,.237,.288,.370,.658,May 8 2014,20
111,Jake Odorizzi,4,2012,2015,0,0.0,47,6,4,0,0,0,0,0,1,0,0,1,3,.000,.200,.000,.200,Sep 23 2012,24
112,Lester Oliveros,3,2011,2014,0,0.0,27,0,0,0,0,0,0,0,0,0,0,0,0,,,,,Jul 1 2011,26
113,Mike Olt,3,2012,2015,0,-0.8,111,314,273,26,43,9,0,13,39,1,2,30,119,.158,.245,.333,.579,Aug 2 2012,25
114,Chris Owings,3,2013,2015,0,1.8,138,503,469,50,120,24,7,8,41,14,1,26,108,.256,.297,.388,.685,Sep 3 2013,22
115,Joe Panik,2,2014,2015,0,1.8,104,410,378,42,113,16,3,3,28,1,0,27,46,.299,.343,.381,.724,Jun 21 2014,23
116,James Paxton,3,2013,2015,0,0.0,23,6,4,1,0,0,0,0,0,0,0,1,4,.000,.200,.000,.200,Sep 7 2013,25
117,David Peralta,2,2014,2015,0,2.8,116,433,404,53,114,18,10,12,50,7,3,23,75,.282,.322,.465,.787,Jun 1 2014,26
118,Eury Perez,3,2012,2014,0,0.1,26,23,23,6,4,0,0,0,0,5,0,0,6,.174,.174,.174,.348,Sep 1 2012,24
119,Juan Perez,2,2013,2014,0,0.1,95,206,189,21,40,12,0,2,11,2,1,11,46,.212,.261,.307,.568,Jun 9 2013,27
120,Roberto Perez,2,2014,2015,0,1.3,50,163,137,20,32,6,0,4,11,0,0,17,47,.234,.314,.365,.679,Jul 10 2014,25
121,Jace Peterson,2,2014,2015,0,-0.2,56,160,142,13,31,0,1,0,9,4,2,12,35,.218,.280,.232,.513,Apr 25 2014,24
122,Gregorio Petit,4,2008,2015,0,0.4,79,196,186,26,49,14,0,2,15,0,1,6,53,.263,.292,.371,.663,May 18 2008,29
123,Jake Petricka,3,2013,2015,0,0.0,92,0,0,0,0,0,0,0,0,0,0,0,0,,,,,Aug 22 2013,26
124,Kevin Pillar,3,2013,2015,0,2.1,122,366,345,49,85,23,1,6,35,7,3,13,75,.246,.280,.371,.651,Aug 14 2013,25
125,Stolmy Pimentel,3,2013,2015,0,-0.1,32,6,6,0,0,0,0,0,0,0,0,0,3,.000,.000,.000,.000,Sep 4 2013,24
126,Yohan Pino,2,2014,2015,0,0.0,17,0,0,0,0,0,0,0,0,0,0,0,0,,,,,Jun 19 2014,30
127,Josmil Pinto,2,2013,2014,0,0.8,78,280,245,35,63,13,0,11,30,0,1,30,72,.257,.339,.445,.784,Sep 1 2013,25
128,Gregory Polanco,2,2014,2015,0,0.4,119,440,395,69,97,19,0,8,42,24,7,39,89,.246,.311,.354,.666,Jun 10 2014,22
129,Aaron Poreda,2,2009,2014,0,0.0,40,0,0,0,0,0,0,0,0,0,0,0,0,,,,,Jun 12 2009,27
130,Zach Putnam,5,2011,2015,0,0.0,77,0,0,0,0,0,0,0,0,0,0,0,0,,,,,Sep 13 2011,26
131,Kevin Quackenbush,2,2014,2015,0,0.0,64,0,0,0,0,0,0,0,0,0,0,0,0,,,,,Apr 25 2014,25
132,Jose Ramirez,3,2013,2015,0,1.6,106,369,330,39,80,12,3,3,20,13,3,19,53,.242,.283,.324,.608,Sep 1 2013,21
133,Neil Ramirez,2,2014,2015,0,0.0,55,0,0,0,0,0,0,0,0,0,0,0,0,,,,,Apr 25 2014,25
134,Cory Rasmus,2,2013,2014,0,0.0,49,0,0,0,0,0,0,0,0,0,0,0,0,,,,,May 22 2013,26
135,Dan Robertson,1,2014,2014,0,0.2,70,197,177,23,48,9,1,0,21,6,4,17,28,.271,.333,.333,.667,Apr 29 2014,28
136,Chaz Roe,2,2013,2014,0,0.0,24,1,1,0,0,0,0,0,0,0,0,0,1,.000,.000,.000,.000,Jul 1 2013,27
137,Miguel Rojas,1,2014,2014,0,1.0,85,162,149,16,27,3,0,1,9,0,0,10,28,.181,.242,.221,.464,Jun 6 2014,25
138,Stefen Romero,1,2014,2014,0,-1.5,72,190,177,19,34,6,2,3,11,0,4,4,48,.192,.234,.299,.533,Apr 1 2014,25
139,Zac Rosscup,3,2013,2015,0,0.0,41,0,0,0,0,0,0,0,0,0,0,0,0,,,,,Sep 3 2013,26
140,Michael Roth,2,2013,2014,0,0.0,22,0,0,0,0,0,0,0,0,0,0,0,0,,,,,Apr 13 2013,24
141,Cameron Rupp,3,2013,2015,0,-0.1,32,116,108,6,20,5,1,0,8,0,0,8,32,.185,.241,.250,.491,Sep 10 2013,25
142,Tony Sanchez,3,2013,2015,0,0.4,51,155,143,14,37,5,0,4,18,0,0,7,45,.259,.303,.378,.681,Jun 23 2013,26
143,Danny Santana,2,2014,2015,0,3.3,130,549,518,84,157,33,8,7,47,22,6,21,130,.303,.335,.438,.773,May 5 2014,23
144,Luis Sardinas,1,2014,2014,0,0.2,43,125,115,12,30,6,0,0,8,5,1,5,21,.261,.303,.313,.616,Apr 20 2014,21
145,Brian Schlitter,3,2010,2015,0,0.1,75,1,1,0,1,0,0,0,0,0,0,0,0,1.000,1.000,1.000,2.000,Jun 28 2010,28
146,Jonathan Schoop,3,2013,2015,0,2.0,151,525,496,56,106,19,0,20,53,2,0,15,130,.214,.250,.373,.623,Sep 25 2013,22
147,Marcus Semien,3,2013,2015,0,2.1,119,468,432,55,111,22,2,13,49,11,2,31,121,.257,.308,.407,.715,Sep 4 2013,23
148,Matt Shoemaker,3,2013,2015,0,-0.0,34,2,1,0,0,0,0,0,0,0,0,0,1,.000,.000,.000,.000,Sep 20 2013,27
149,Shae Simmons,1,2014,2014,0,0.0,26,0,0,0,0,0,0,0,0,0,0,0,0,,,,,May 31 2014,23
150,Jon Singleton,1,2014,2014,0,-0.8,95,362,310,42,52,13,0,13,44,2,3,50,134,.168,.285,.335,.620,Jun 3 2014,22
151,Jake Smolinski,2,2014,2015,0,0.7,48,154,136,21,37,6,0,4,17,1,0,13,38,.272,.351,.404,.755,Jul 7 2014,25
152,Yangervis Solarte,2,2014,2015,0,1.8,162,634,561,64,149,25,1,12,66,1,1,60,70,.266,.338,.378,.715,Apr 2 2014,26
153,Neftali Soto,2,2013,2014,0,-0.6,34,44,42,1,3,1,0,0,1,1,0,0,14,.071,.091,.095,.186,May 18 2013,25
154,George Springer,2,2014,2015,0,2.6,105,464,394,59,87,14,1,24,63,15,3,57,149,.221,.330,.444,.774,Apr 16 2014,24
155,Matt Stites,1,2014,2014,0,0.0,37,0,0,0,0,0,0,0,0,0,0,0,0,,,,,Jun 19 2014,24
156,Marcus Stroman,1,2014,2014,0,-0.0,32,0,0,2,0,0,0,0,0,0,0,0,0,,,,,May 4 2014,23
157,Eugenio Suarez,1,2014,2014,0,0.4,85,277,244,33,59,9,1,4,23,3,2,22,67,.242,.316,.336,.652,Jun 4 2014,22
158,Masahiro Tanaka,2,2014,2015,1,-0.0,24,9,9,0,1,0,0,0,0,0,0,0,5,.111,.111,.111,.222,Apr 4 2014,25
159,Oscar Taveras,1,2014,2014,0,-1.4,80,248,234,18,56,8,0,3,22,0,1,12,37,.239,.278,.312,.590,May 31 2014,22
160,Chris Taylor,2,2014,2015,0,1.3,52,170,154,17,42,8,0,0,9,6,2,12,46,.273,.331,.325,.656,Jul 24 2014,23
161,Michael Taylor,4,2011,2014,0,-1.1,37,114,102,9,17,2,0,1,1,0,0,12,35,.167,.254,.216,.470,Sep 2 2011,28
162,Michael Tonkin,3,2013,2015,0,0.0,40,0,0,0,0,0,0,0,0,0,0,0,0,,,,,Jul 11 2013,24
163,Blake Treinen,2,2014,2015,0,-0.0,29,15,12,0,1,0,0,0,0,0,0,1,8,.083,.154,.083,.237,Apr 12 2014,26
164,Kennys Vargas,2,2014,2015,0,0.5,78,334,308,38,82,11,1,12,48,0,0,19,88,.266,.311,.425,.737,Aug 1 2014,23
165,Christian Vazquez,1,2014,2014,0,1.1,55,201,175,15,42,9,0,1,20,0,0,19,33,.240,.308,.309,.617,Jul 9 2014,23
166,Yordano Ventura,3,2013,2015,0,0.0,40,5,4,1,1,0,0,0,0,0,0,0,3,.250,.250,.250,.500,Sep 17 2013,23
167,Pedro Villarreal,4,2012,2015,0,0.0,17,3,3,0,1,0,0,0,0,0,0,0,1,.333,.333,.333,.667,Sep 5 2012,26
168,Tsuyoshi Wada,1,2014,2014,0,-0.1,13,24,20,0,1,0,0,0,0,0,0,1,10,.050,.095,.050,.145,Jul 8 2014,33
169,Taijuan Walker,3,2013,2015,0,-0.0,17,1,1,0,0,0,0,0,0,0,0,0,1,.000,.000,.000,.000,Aug 30 2013,21
170,Zach Walters,3,2013,2015,0,0.2,73,153,142,18,26,3,1,10,18,0,0,10,53,.183,.242,.430,.671,Sep 6 2013,24
171,Wei-Chung Wang,1,2014,2014,0,0.0,14,0,0,0,0,0,0,0,0,0,0,0,0,,,,,Apr 14 2014,22
172,Logan Watkins,2,2013,2014,0,-0.8,58,110,103,12,24,4,0,1,6,1,0,4,30,.233,.269,.301,.569,Aug 4 2013,24
173,Matt Watson,3,2003,2010,0,-0.4,46,108,101,6,19,7,0,1,11,0,0,6,14,.188,.234,.287,.521,Sep 12 2003,35
174,Daniel Webb,2,2013,2014,0,0.0,66,0,0,0,0,0,0,0,0,0,0,0,0,,,,,Sep 4 2013,24
175,Allen Webster,2,2013,2014,0,0.0,19,0,0,0,0,0,0,0,0,0,0,0,0,,,,,Apr 21 2013,24
176,Chase Whitley,2,2014,2015,0,0.0,27,5,5,0,1,0,0,0,0,0,0,0,0,.200,.200,.200,.400,May 15 2014,25
177,Kolten Wong,3,2013,2015,0,2.8,176,616,571,75,146,21,4,16,59,26,5,33,97,.256,.300,.391,.690,Aug 16 2013,23
178,Rob Wooten,3,2013,2015,0,0.0,71,2,2,0,0,0,0,0,0,0,0,0,1,.000,.000,.000,.000,Jul 26 2013,28
179,Steven Wright,3,2013,2015,0,0.0,11,0,0,0,0,0,0,0,0,0,0,0,0,,,,,Apr 23 2013,29
180,Kirby Yates,2,2014,2015,0,0.0,41,0,0,0,0,0,0,0,0,0,0,0,0,,,,,Jun 7 2014,27
181,Josh Zeid,2,2013,2014,0,0.0,48,1,1,0,0,0,0,0,0,0,0,0,1,.000,.000,.000,.000,Jul 30 2013,27
1,Chase Anderson,2,2014,2015,0,1.8,9,8,.529,3.76,27,27,0,0,0,0,150.2,148,68,63,18,49,3,134,3,0,5,629,1.308,May 11 2014,26
2,Aaron Barrett,2,2014,2015,0,0.6,5,0,1.000,2.87,66,0,18,0,0,0,53.1,43,22,17,1,23,2,69,2,1,6,225,1.238,Mar 31 2014,26
3,Trevor Bauer,4,2012,2015,0,1.5,9,13,.409,4.40,40,40,0,0,0,0,220.2,211,116,108,24,105,4,205,14,1,11,968,1.432,Jun 28 2012,23
4,Jeff Beliveau,4,2012,2015,0,0.4,1,0,1.000,4.00,58,0,10,0,0,1,45.0,47,20,20,7,21,2,47,3,2,2,205,1.511,Jul 22 2012,27
5,Christian Bergman,2,2014,2015,0,0.2,4,5,.444,5.23,18,11,1,0,0,0,74.0,98,44,43,10,16,2,40,1,0,1,330,1.541,Jun 9 2014,26
6,Dellin Betances,4,2011,2015,1,4.7,9,0,1.000,1.69,95,1,15,0,0,2,117.0,64,25,22,5,40,1,177,5,1,4,457,0.889,Sep 22 2011,26
7,Chad Bettis,2,2013,2014,0,-1.7,1,5,.167,6.88,37,8,9,0,0,0,69.1,97,60,53,10,30,4,43,3,1,7,335,1.832,Aug 1 2013,25
8,Vic Black,2,2013,2014,0,0.5,5,3,.625,2.96,59,0,15,0,0,1,51.2,43,19,17,3,25,0,47,3,0,5,224,1.316,Jul 25 2013,26
9,Mike Bolsinger,2,2014,2015,0,-0.6,1,6,.143,5.12,11,10,0,0,0,0,58.0,71,37,33,7,19,1,53,0,1,0,261,1.552,Apr 14 2014,26
10,Cedrick Bowers,2,2008,2010,0,-0.4,0,1,.000,7.40,19,0,13,0,0,0,20.2,23,19,17,6,11,1,23,2,0,1,95,1.645,Jul 2 2008,36
11,Ryan Brasier,1,2013,2013,0,0.2,0,0,,2.00,7,0,7,0,0,0,9.0,7,2,2,1,4,0,7,0,0,0,35,1.222,May 2 2013,26
12,Brooks Brown,2,2014,2015,0,0.7,0,2,.000,3.38,40,0,10,0,0,0,40.0,33,16,15,4,10,1,29,1,0,3,165,1.075,Jul 6 2014,29
13,David Buchanan,2,2014,2015,0,0.6,6,13,.316,4.62,25,25,0,0,0,0,142.1,152,79,73,14,47,3,83,10,0,0,620,1.398,May 24 2014,25
14,Jake Buchanan,1,2014,2014,0,-0.1,1,3,.250,4.58,17,2,9,0,0,0,35.1,41,19,18,4,12,1,20,1,0,2,154,1.500,Jun 21 2014,24
15,Scott Carroll,2,2014,2015,0,-0.4,5,11,.313,4.63,30,19,5,0,0,0,140.0,157,88,72,13,47,1,69,13,1,6,616,1.457,Apr 27 2014,29
16,Kevin Chapman,3,2013,2015,0,0.9,3,1,.750,3.15,48,0,3,0,0,1,45.2,37,18,16,5,25,2,39,1,0,3,198,1.358,Aug 9 2013,26
17,Nick Christiani,2,2013,2014,0,-0.1,0,1,.000,4.76,13,0,5,0,0,0,17.0,14,9,9,3,8,3,9,1,0,0,73,1.294,Aug 23 2013,26
18,Maikel Cleto,4,2011,2014,0,-1.0,0,1,.000,6.60,41,0,14,0,0,0,45.0,49,36,33,10,30,2,58,6,0,4,219,1.756,Jun 2 2011,25
19,Carlos Contreras,2,2014,2015,0,-0.4,0,1,.000,5.96,20,0,11,0,0,0,22.2,20,17,15,2,19,0,22,0,1,3,106,1.721,Jun 21 2014,23
20,Kyle Crockett,2,2014,2015,0,1.2,4,1,.800,1.67,46,0,8,0,0,0,32.1,26,6,6,2,11,2,32,3,1,0,131,1.144,May 16 2014,22
21,Brandon Cumpton,2,2013,2014,0,0.2,5,5,.500,4.02,22,15,4,0,0,0,100.2,108,49,45,3,23,2,68,7,0,3,433,1.301,Jun 15 2013,25
22,Erik Davis,1,2013,2013,0,0.1,1,0,1.000,3.12,10,0,2,0,0,0,8.2,10,3,3,0,1,0,12,0,0,1,38,1.269,Jun 2 2013,27
23,Eury De La Rosa,2,2013,2014,0,-0.2,2,1,.667,4.21,44,0,18,0,0,0,51.1,50,25,24,7,19,4,48,3,1,2,220,1.344,Jul 14 2013,24
24,Jorge De Leon,2,2013,2014,0,-0.2,0,1,.000,5.19,19,0,10,0,0,0,17.1,21,11,10,3,10,1,10,1,0,3,83,1.788,Aug 9 2013,26
25,Jacob deGrom,2,2014,2015,0,3.5,12,10,.545,2.87,29,29,0,0,0,0,182.0,160,62,58,13,55,4,181,3,0,2,744,1.181,May 15 2014,26
26,Odrisamer Despaigne,2,2014,2015,0,0.2,6,8,.429,3.74,23,19,1,0,0,0,122.2,107,59,51,10,39,0,76,7,0,3,513,1.190,Jun 23 2014,27
27,Jumbo Diaz,2,2014,2015,0,-0.4,1,1,.500,4.47,49,0,13,0,0,0,46.1,40,23,23,6,16,4,50,2,0,2,193,1.209,Jun 20 2014,30
28,Sam Dyson,4,2012,2015,0,0.4,4,3,.571,3.69,52,1,17,0,0,0,70.2,74,34,29,3,29,6,57,4,0,3,311,1.458,Jul 5 2012,26
29,Roenis Elias,2,2014,2015,0,1.3,10,13,.435,3.85,32,32,0,1,1,0,182.1,169,85,78,19,71,3,162,12,4,7,770,1.316,Apr 3 2014,25
30,Jeurys Familia,4,2012,2015,0,1.5,2,5,.286,2.68,110,1,39,0,0,19,117.1,89,42,35,7,53,6,111,2,0,12,487,1.210,Sep 4 2012,24
31,Yohan Flande,1,2014,2014,0,0.1,0,6,.000,5.19,16,10,2,0,0,0,59.0,55,34,34,5,16,2,34,2,0,0,241,1.203,Jun 25 2014,28
32,Onelki Garcia,1,2013,2013,0,-0.1,0,0,,13.50,3,0,1,0,0,0,1.1,1,2,2,1,4,0,1,0,0,0,9,3.750,Sep 11 2013,24
33,Kevin Gausman,3,2013,2015,0,0.6,11,12,.478,4.21,48,25,4,1,0,0,173.0,173,85,81,17,56,2,150,1,0,13,729,1.324,May 23 2013,23
34,Ken Giles,2,2014,2015,0,2.0,4,2,.667,1.07,58,0,14,0,0,1,59.0,37,14,7,1,19,1,78,0,0,1,228,0.949,Jun 12 2014,23
35,Miguel Gonzalez,1,2014,2014,0,-0.1,0,1,.000,6.75,6,0,4,0,0,0,5.1,9,4,4,1,3,0,5,0,0,0,29,2.250,Sep 3 2014,27
36,Shane Greene,2,2014,2015,0,0.6,8,6,.571,4.10,22,21,0,0,0,0,120.2,120,61,55,10,40,0,105,7,0,1,512,1.326,Apr 24 2014,25
37,Nick Greenwood,1,2014,2014,0,-0.2,2,1,.667,4.75,19,1,8,0,0,0,36.0,36,19,19,5,5,1,17,1,0,0,145,1.139,Jun 16 2014,26
38,Jesse Hahn,2,2014,2015,0,0.9,8,7,.533,3.58,20,18,2,0,0,0,105.2,92,48,42,5,39,2,90,7,0,5,446,1.240,Jun 3 2014,24
39,David Hale,2,2013,2014,0,1.2,5,5,.500,3.02,47,8,13,0,0,0,98.1,100,39,33,5,40,8,58,3,0,5,429,1.424,Sep 13 2013,26
40,Blaine Hardy,2,2014,2015,0,0.9,2,1,.667,3.04,48,0,9,0,0,0,50.1,47,19,17,1,25,3,36,1,0,2,219,1.430,Jun 16 2014,27
41,Kyle Hendricks,2,2014,2015,0,3.2,7,3,.700,3.07,19,19,0,0,0,0,111.1,104,40,38,7,23,2,70,7,0,0,453,1.141,Jul 10 2014,24
42,Yoslan Herrera,2,2008,2014,0,-0.4,2,2,.500,6.43,25,5,8,0,0,0,35.0,57,25,25,1,21,3,23,1,0,1,177,2.229,Jul 12 2008,33
43,Mario Hollands,1,2014,2014,0,-0.0,2,2,.500,4.40,50,0,2,0,0,0,47.0,45,25,23,3,21,2,35,1,0,4,204,1.404,Apr 1 2014,25
44,T.J. House,2,2014,2015,0,1.2,5,7,.417,4.46,23,22,1,0,0,0,115.0,134,60,57,11,34,2,87,9,0,1,502,1.461,May 17 2014,24
45,Erik Johnson,2,2013,2014,0,-0.2,4,3,.571,4.73,10,10,0,0,0,0,51.1,59,34,27,6,26,1,36,3,0,5,237,1.656,Sep 4 2013,24
46,Tommy Kahnle,1,2014,2014,0,-0.2,2,1,.667,4.19,54,0,7,0,0,0,68.2,51,39,32,7,31,2,63,1,0,7,285,1.194,Apr 3 2014,24
47,Mike Kickham,2,2013,2014,0,-1.6,0,3,.000,10.98,14,3,5,0,0,0,30.1,54,39,37,9,11,2,30,0,0,2,160,2.143,May 28 2013,25
48,C.C. Lee,2,2013,2014,0,-0.1,1,1,.500,4.45,45,0,7,0,0,0,32.1,34,18,16,3,15,1,30,4,0,3,149,1.515,Jul 14 2013,27
49,Dominic Leone,2,2014,2015,0,1.3,8,5,.615,2.53,65,0,6,0,0,0,74.2,60,24,21,5,31,4,74,3,0,6,311,1.219,Apr 6 2014,22
50,Michael Mariot,1,2014,2014,0,-0.6,1,0,1.000,6.48,17,0,8,0,0,0,25.0,31,21,18,2,12,1,21,0,1,5,118,1.720,Apr 11 2014,25
51,Nick Maronde,3,2012,2014,0,-0.7,0,0,,7.13,33,0,6,0,0,0,17.2,22,16,14,1,18,1,19,1,0,2,93,2.264,Sep 2 2012,24
52,Brett Marshall,1,2013,2013,0,0.1,0,0,,4.50,3,0,1,0,0,0,12.0,13,6,6,3,7,0,7,1,0,2,54,1.667,May 15 2013,24
53,Evan Marshall,2,2014,2015,0,0.6,4,6,.400,3.45,70,0,15,0,0,0,62.2,70,26,24,6,22,4,61,2,0,4,271,1.468,May 6 2014,24
54,Ethan Martin,2,2013,2014,0,-0.4,2,5,.286,5.93,17,8,3,0,0,0,44.0,43,29,29,10,29,2,51,1,1,1,207,1.636,Aug 2 2013,25
55,Carlos Martinez,3,2013,2015,0,-0.2,7,6,.538,4.42,85,14,18,0,0,2,152.2,154,76,75,11,63,10,143,7,1,12,660,1.421,May 3 2013,22
56,Nick Martinez,2,2014,2015,0,2.0,7,12,.368,3.92,35,30,3,0,0,0,177.0,184,89,77,18,64,1,92,7,0,7,761,1.401,Apr 5 2014,23
57,Tyler Matzek,2,2014,2015,0,2.4,8,12,.400,4.06,25,24,1,1,1,0,139.2,141,63,63,11,63,1,106,6,0,5,605,1.461,Jun 11 2014,23
58,Pat McCoy,1,2014,2014,0,0.2,0,0,,3.86,14,0,4,0,0,0,14.0,21,6,6,0,13,3,11,0,0,0,74,2.429,Jun 22 2014,25
59,Collin McHugh,4,2012,2015,0,3.2,15,17,.469,4.03,46,40,3,0,0,0,241.0,225,117,108,29,61,3,218,9,0,8,999,1.187,Aug 23 2012,27
60,Roman Mendez,2,2014,2015,0,1.1,0,2,.000,3.02,42,0,11,0,0,0,44.2,31,15,15,3,24,3,31,3,0,2,185,1.231,Jul 8 2014,23
61,Justin Miller,1,2014,2014,0,-0.1,1,0,1.000,5.11,8,0,4,0,0,0,12.1,14,9,7,2,2,0,5,0,0,0,53,1.297,Apr 18 2014,27
62,Mike Morin,2,2014,2015,0,0.6,5,4,.556,3.17,75,0,11,0,0,0,71.0,58,28,25,5,21,7,63,4,0,3,292,1.113,Apr 30 2014,23
63,Jimmy Nelson,3,2013,2015,0,0.4,3,12,.200,4.29,24,19,1,0,0,0,115.1,111,61,55,10,36,1,100,10,0,7,489,1.275,Sep 6 2013,25
64,Vidal Nuno,3,2013,2015,0,1.2,3,14,.176,4.25,37,31,3,0,0,0,188.1,180,96,89,27,54,1,146,7,0,5,790,1.242,Apr 29 2013,26
65,Jake Odorizzi,4,2012,2015,0,3.2,14,17,.452,3.75,47,44,2,0,0,1,252.1,227,107,105,25,79,0,239,8,0,6,1059,1.213,Sep 23 2012,24
66,Lester Oliveros,3,2011,2014,0,-0.1,0,1,.000,5.22,27,0,8,0,0,0,29.1,28,17,17,2,15,2,19,0,0,3,125,1.466,Jul 1 2011,26
67,James Paxton,3,2013,2015,0,2.5,9,6,.600,3.28,23,23,0,0,0,0,131.2,109,56,48,10,47,5,110,1,0,9,546,1.185,Sep 7 2013,25
68,Jake Petricka,3,2013,2015,0,2.8,2,8,.200,3.20,92,0,41,0,0,14,101.1,98,36,36,4,47,5,69,3,0,7,432,1.431,Aug 22 2013,26
69,Stolmy Pimentel,3,2013,2015,0,-0.1,2,1,.667,4.30,32,0,16,0,0,0,52.1,50,27,25,5,21,2,54,2,0,5,228,1.357,Sep 4 2013,24
70,Yohan Pino,2,2014,2015,0,0.3,2,6,.250,4.24,17,11,3,0,0,0,74.1,78,39,35,9,16,0,63,1,0,2,315,1.265,Jun 19 2014,30
71,Aaron Poreda,2,2009,2014,0,0.2,3,1,.750,4.67,40,0,8,0,0,0,34.2,40,18,18,2,20,2,33,2,0,3,158,1.731,Jun 12 2009,27
72,Zach Putnam,5,2011,2015,0,1.6,7,5,.583,3.52,77,0,21,0,0,6,79.1,74,34,31,6,26,2,75,5,0,6,331,1.261,Sep 13 2011,26
73,Kevin Quackenbush,2,2014,2015,0,1.1,4,3,.571,2.39,64,0,20,0,0,6,64.0,50,18,17,2,21,4,67,2,2,1,262,1.109,Apr 25 2014,25
74,Neil Ramirez,2,2014,2015,0,1.4,4,3,.571,1.54,55,0,10,0,0,3,46.2,30,12,8,2,20,0,57,2,1,4,190,1.071,Apr 25 2014,25
75,Cory Rasmus,2,2013,2014,0,0.9,4,3,.571,3.36,49,6,13,0,0,0,77.2,66,32,29,11,30,3,77,0,1,0,328,1.236,May 22 2013,26
76,Chaz Roe,2,2013,2014,0,-0.1,1,0,1.000,4.44,24,0,6,0,0,0,24.1,21,13,12,3,16,3,28,0,0,2,108,1.521,Jul 1 2013,27
77,Zac Rosscup,3,2013,2015,0,-0.1,2,0,1.000,5.40,41,0,10,0,0,0,33.1,25,20,20,6,21,2,41,0,0,0,146,1.380,Sep 3 2013,26
78,Michael Roth,2,2013,2014,0,-1.0,2,1,.667,7.79,22,1,7,0,0,0,32.1,40,28,28,2,15,2,26,4,0,2,149,1.701,Apr 13 2013,24
79,Brian Schlitter,3,2010,2015,0,-1.0,2,6,.250,5.53,75,0,9,0,0,0,70.0,86,46,43,6,26,5,42,3,0,0,318,1.600,Jun 28 2010,28
80,Matt Shoemaker,3,2013,2015,0,2.3,18,7,.720,3.60,34,27,5,0,0,0,172.1,159,72,69,24,33,0,160,6,0,7,696,1.114,Sep 20 2013,27
81,Shae Simmons,1,2014,2014,0,0.3,1,2,.333,2.91,26,0,6,0,0,1,21.2,15,8,7,1,11,1,23,0,0,1,89,1.200,May 31 2014,23
82,Matt Stites,1,2014,2014,0,-0.7,0,0,,5.73,37,0,11,0,0,0,33.0,33,23,21,6,16,1,26,1,0,2,148,1.485,Jun 19 2014,24
83,Marcus Stroman,1,2014,2014,0,2.0,11,6,.647,3.65,26,20,1,1,1,1,130.2,125,56,53,7,28,1,111,3,1,9,534,1.171,May 4 2014,23
84,Masahiro Tanaka,2,2014,2015,1,3.6,15,6,.714,2.84,24,24,0,3,1,0,158.2,137,57,50,17,28,0,165,4,0,6,632,1.040,Apr 4 2014,25
85,Michael Tonkin,3,2013,2015,0,-0.2,0,0,,3.41,40,0,14,0,0,0,34.1,35,21,13,4,10,0,29,2,0,2,150,1.311,Jul 11 2013,24
86,Blake Treinen,2,2014,2015,0,1.0,3,5,.375,2.97,29,7,12,0,0,0,66.2,72,26,22,1,25,3,45,3,0,2,288,1.455,Apr 12 2014,26
87,Yordano Ventura,3,2013,2015,0,3.2,16,13,.552,3.50,40,39,0,0,0,0,231.2,212,95,90,21,88,1,194,8,1,14,986,1.295,Sep 17 2013,23
88,Pedro Villarreal,4,2012,2015,0,-0.5,0,3,.000,6.75,17,1,3,0,0,0,24.0,29,18,18,5,12,1,17,1,1,1,110,1.708,Sep 5 2012,26
89,Tsuyoshi Wada,1,2014,2014,0,1.6,4,4,.500,3.25,13,13,0,0,0,0,69.1,67,28,25,7,19,1,57,3,0,0,289,1.240,Jul 8 2014,33
90,Taijuan Walker,3,2013,2015,0,0.2,4,6,.400,4.69,17,14,2,1,0,0,80.2,81,46,42,7,36,2,73,5,1,3,356,1.450,Aug 30 2013,21
91,Wei-Chung Wang,1,2014,2014,0,-0.8,0,0,,10.90,14,0,10,0,0,0,17.1,30,23,21,6,8,1,13,1,0,1,92,2.192,Apr 14 2014,22
92,Daniel Webb,2,2013,2014,0,0.8,6,5,.545,3.87,66,0,30,0,0,0,79.0,68,35,34,6,46,5,68,2,0,14,342,1.443,Sep 4 2013,24
93,Allen Webster,2,2013,2014,0,-1.4,6,5,.545,6.25,19,18,1,0,0,0,89.1,95,65,62,10,46,0,59,9,0,3,404,1.578,Apr 21 2013,24
94,Chase Whitley,2,2014,2015,0,0.1,5,4,.556,4.82,27,15,3,0,0,0,93.1,112,50,50,13,21,0,76,6,0,3,406,1.425,May 15 2014,25
95,Rob Wooten,3,2013,2015,0,-0.2,4,5,.444,5.03,71,0,21,0,0,0,68.0,74,38,38,3,22,2,53,3,0,1,292,1.412,Jul 26 2013,28
96,Steven Wright,3,2013,2015,0,0.3,3,1,.750,3.66,11,2,6,0,0,0,39.1,39,18,16,3,16,0,33,1,0,3,167,1.398,Apr 23 2013,29
97,Kirby Yates,2,2014,2015,0,0.2,0,2,.000,3.79,41,0,13,0,0,1,40.1,40,18,17,5,15,3,47,3,0,2,176,1.364,Jun 7 2014,27
98,Josh Zeid,2,2013,2014,0,-0.4,0,1,.000,5.21,48,0,12,0,0,1,48.1,56,30,28,9,19,2,42,2,0,3,216,1.552,Jul 30 2013,27
